-0.41076232288496983
-0.4411859446996697
-0.43528475573726133
-0.42786154531311404
-0.42373955382237743
-0.42171596635277353
-0.4156333864463178
-0.41085509462319253
-0.40210266496982505
-0.4011738373191912
-0.4056675935189237
-0.4032768518575856
-0.39692113259012873
-0.3887673073689711
-0.3798426191216727
-0.37256555551614595
-0.36969840724402603
-0.36763501993717856
-0.3624356861283188
-0.3560193942108033
-0.3477807384487756
-0.3410905049644187
-0.33355420557501936
-0.3289364550989619
-0.3240513827897895
-0.32205562477361455
-0.32072726722573514
-0.316386395751872
-0.31002016935268134
-0.3021335265152676
-0.299280816101956
-0.2960447530701397
-0.2973172905454796
-0.2910123845706261
-0.2883133759012276
-0.2864520850650583
-0.28339663256646
-0.27674635245527873
-0.278381223157981
-0.2747327993473276
-0.2723041984559176
-0.2688714932161282
-0.2704156509718911
-0.2642130186434664
-0.2597378166145835
-0.25294466570779467
-0.24554251764499907
-0.23859120458015412
-0.23838686485992147
-0.23516761634781572
-0.23350270496501066
-0.23255704654103226
-0.22631766652367463
-0.2169345844217737
-0.21336679246597698
-0.20827503483062423
-0.20267985678447506
-0.19623348664251938
-0.19250898346312853
-0.1854044854676146
-0.18500743955812818
-0.18400870488747567
-0.1791136475105832
-0.17510522448074403
-0.4392998092933468