-0.04598080165205989
-0.14057230639668683
-0.051781364202493727
-0.05107927449505622
-0.04998651889687786
-0.04888047528081135
-0.047551810549745596
-0.04697860162523156
-0.045858282088516326
-0.04539128821673589
-0.04697389106379529
-0.04580276171483229
-0.04517625051351831
-0.043450982467544114
-0.04131662669469856
-0.039539503547139074
-0.11962548044971891
-0.03888678688110146
-0.11724163723472107
-0.11449570667915826
-0.03613304401651989
-0.10975656593536912
-0.0345794289291098
-0.03330784924256629
-0.10307545043976574
-0.0323859904713325
-0.032623244923042936
-0.03228607658998383
-0.09876181097123365
-0.03167737158359191
-0.095830233007058
-0.03055456170970797
-0.09511622367809525
-0.0282513943875622
-0.09199155123066366
-0.091289208463247
-0.08879682452673185
-0.08792525051771576
-0.08676226108384412
-0.08608308365053546
-0.08488772079221552
-0.0841553827303435
-0.08317451439468962
-0.08170313138384035
-0.07982361355032352
-0.07821547088655564
-0.07675555355364956
-0.026306893691268658
-0.07350408430451572
-0.07240241941616767
-0.026734668370727875
-0.07156658391600539
-0.026323828600472245
-0.02441241532026506
-0.06653290178627067
-0.0647620625676508
-0.025615167903695984
-0.024605683887196722
-0.02417673232835916
-0.024376650503002525
-0.024115052441321914
-0.05878979181837382
-0.02318774373364774
-0.05642604316974371
-0.14361475513773928