 0.000000 0.034064 -0.059795
 0.000000 0.011269 -0.074756
 0.000000 0.020890 -0.060583
 -0.004639 -0.009554 -0.066336
 0.000000 0.004632 -0.075866
 0.000000 -0.003657 -0.072429
 0.000000 -0.024733 -0.057886
 -0.042531 -0.025776 -0.032797
 0.000000 -0.040190 -0.052848
 0.000000 -0.048860 -0.053853
 0.000000 -0.082618 -0.044815
 0.000000 0.037068 -0.058649
 0.000000 0.039183 -0.055694
 0.000000 0.039944 -0.052195
 0.000000 0.045424 -0.054048
 0.000000 0.047456 -0.055295
 0.000000 0.050196 -0.056014
 0.000000 0.053651 -0.055354
 0.000000 0.061496 -0.050714
 0.000000 0.015011 -0.071122
 -0.004161 0.014665 -0.064477
 -0.070880 -0.054348 -0.000996
 -0.026286 -0.020359 -0.038481
 -0.031984 -0.019858 -0.037970
 -0.037752 -0.020394 -0.036462
 -0.044658 -0.024229 -0.031552
 -0.021643 -0.021899 -0.038518
 -0.032082 -0.032239 -0.041158
 -0.026738 -0.032053 -0.040922
 -0.037452 -0.031653 -0.039724
 -0.041610 -0.030591 -0.037196
 -0.050620 -0.019344 -0.027761
 -0.022667 0.074258 -0.043898
 -0.044459 -0.026640 -0.031734
 -0.072145 -0.022630 -0.000732
 -0.057998 -0.023495 -0.022041
 -0.028449 0.007209 -0.044331
 -0.007115 0.033294 -0.058770
 -0.006060 0.039246 -0.054449
 -0.014316 0.035010 -0.054962
 -0.019149 0.038031 -0.050289
 -0.011310 0.039739 -0.051896
 -0.015635 0.040828 -0.048423
 -0.026501 0.050036 -0.041885
 -0.004270 0.010941 -0.073605
 -0.004964 0.004757 -0.074404
 -0.052533 -0.038816 -0.033632
 -0.017187 -0.009746 -0.045584
 -0.016086 0.009425 -0.058142
 -0.016513 0.006109 -0.055813
 -0.047655 0.007016 -0.035346
 -0.004783 -0.002958 -0.071010
 -0.037350 -0.045082 -0.045505
 -0.045886 -0.043020 -0.040485
 -0.062793 -0.066154 -0.014259
 -0.012209 -0.041422 -0.051060
 -0.021935 -0.031003 -0.040006
 -0.031026 0.043530 -0.040959
 -0.067197 0.047886 0.017454
 -0.011938 0.013068 -0.057377
 -0.007298 0.015937 -0.058332
 -0.024562 0.043426 -0.042839
 -0.022048 0.043045 -0.041625
 -0.049859 -0.048025 -0.037520
 -0.015923 0.012577 -0.054569
 -0.026445 -0.045247 -0.049216
 -0.027603 -0.051010 -0.050160
 -0.035240 -0.080060 -0.037292
 -0.055998 -0.057155 -0.027243
 -0.030639 -0.065661 -0.045300
 -0.057210 -0.042546 -0.028309
 -0.063744 -0.047856 -0.015917
 -0.006727 0.036880 -0.057378
 -0.012626 0.037877 -0.054178
 -0.017326 0.039528 -0.050006
 -0.010436 0.014650 -0.056625
 -0.023212 0.043291 -0.042582
 -0.020568 0.044777 -0.045209
 -0.021531 0.042763 -0.040381
 -0.009469 0.010352 -0.065123
 -0.014691 0.040364 -0.046049
 -0.010243 0.039899 -0.049267
 -0.005334 0.039932 -0.051382
 -0.007697 0.060954 -0.049859
 -0.006996 0.052919 -0.054483
 -0.006697 0.049498 -0.055096
 -0.006309 0.046951 -0.054494
 -0.005832 0.045180 -0.053399
 -0.015372 0.044232 -0.047455
 -0.016156 0.044759 -0.048136
 -0.017291 0.046187 -0.048545
 -0.018386 0.048287 -0.048237
 -0.023682 0.031062 -0.048681
 -0.075422 0.010493 0.024313
 0.000000 0.017240 -0.066014
 -0.018266 0.043995 -0.043990
 -0.019296 0.044118 -0.044971
 -0.005974 0.020137 -0.058665
 -0.014056 0.017142 -0.052411
 -0.006624 0.018193 -0.058638
 -0.023423 -0.005722 -0.042943
 -0.033273 -0.001049 -0.041139
 -0.017262 0.009192 -0.052734
 -0.051332 -0.074856 -0.026604
 -0.045386 -0.063199 -0.036834
 -0.039866 -0.051095 -0.044663
 -0.021697 0.054404 -0.044559
 -0.013956 -0.050120 -0.053160
 -0.016195 -0.065992 -0.049211
 -0.018914 -0.082364 -0.042750
 -0.041958 -0.022352 -0.033751
 -0.057333 -0.014117 -0.024317
 -0.018599 -0.023558 -0.038432
 -0.049886 -0.030747 -0.030839
 -0.013033 -0.014165 -0.048311
 -0.013058 0.006728 -0.064160
 -0.064652 -0.009371 -0.016899
 -0.052587 -0.009458 -0.029743
 -0.044323 -0.007221 -0.035226
 -0.033007 -0.008616 -0.038728
 -0.024302 -0.011315 -0.040390
 -0.018207 -0.014680 -0.042241
 -0.005632 -0.023077 -0.055668
 -0.063381 0.005293 -0.018812
 -0.055877 -0.032081 -0.026878
 -0.002426 0.014629 -0.070715
 -0.016113 -0.003393 -0.048954
 -0.077431 -0.023650 0.020052
 -0.013911 -0.018510 -0.044490
 -0.017858 0.009783 -0.048505
 -0.046710 -0.026645 -0.030841
 -0.013340 0.002838 -0.060970
 -0.072709 0.028909 0.022525
 -0.018564 -0.025852 -0.037579
 -0.009234 -0.000731 -0.066719
 -0.050006 0.061351 -0.018925
 -0.050853 0.071786 -0.007147
 -0.071593 0.008118 0.000720
 -0.058431 0.052480 -0.009241
 -0.068473 -0.036629 -0.007247
 -0.024129 0.082589 -0.041192
 -0.001799 0.016899 -0.065733
 -0.021037 0.001639 -0.045661
 -0.064076 -0.022360 -0.015608
 -0.036701 -0.023602 -0.036352
 -0.031772 -0.022943 -0.037757
 -0.021961 0.045983 -0.044798
 -0.062349 0.019444 -0.016635
 -0.012929 0.092959 -0.040941
 -0.032107 0.085333 -0.028020
 -0.040689 0.079931 -0.019251
 0.000000 -0.065454 -0.050273
 0.000000 0.094034 -0.042645
 -0.027240 -0.023158 -0.037772
 -0.022885 -0.023989 -0.036976
 -0.019983 -0.024965 -0.036891
 -0.061300 -0.033993 -0.020385
 -0.022885 -0.028865 -0.037750
 -0.027240 -0.029618 -0.038718
 -0.031772 -0.029641 -0.038770
 -0.036701 -0.029277 -0.037243
 -0.040184 -0.028574 -0.034830
 -0.075558 -0.041068 0.009919
 -0.040184 -0.024837 -0.034409
 0.000000 0.025219 -0.059323
 -0.017762 0.026839 -0.052131
 -0.012222 0.011824 -0.059525
 -0.007315 0.025367 -0.058153
 0.000000 -0.032710 -0.052360
 -0.041353 0.069966 -0.026720
 -0.033118 0.076608 -0.033830
 -0.013137 0.086400 -0.047025
 -0.059405 0.062236 0.006315
 -0.019983 -0.027438 -0.037440
 -0.009014 -0.012370 -0.057543
 0.000000 0.087652 -0.048914
 -0.023090 0.089742 -0.036091
 -0.069542 0.024398 0.001312
 -0.010988 0.044588 -0.051207
 -0.011811 0.045800 -0.051896
 -0.012558 0.047879 -0.052370
 -0.013251 0.051065 -0.052050
 -0.015464 0.058194 -0.047579
 -0.019538 0.041839 -0.044317
 -0.021178 0.041371 -0.045551
 -0.022853 0.040512 -0.045824
 -0.028502 0.036657 -0.044850
 -0.052785 0.022389 -0.028612
 -0.009467 -0.019076 -0.051968
 -0.013142 -0.031049 -0.042314
 -0.017800 -0.028600 -0.038816
 -0.018451 0.040989 -0.042473
 -0.054362 0.040305 -0.021099
 -0.007664 -0.031821 -0.048615
 -0.019386 0.066144 -0.045211
 0.000000 -0.010594 -0.067746
 -0.005166 -0.015836 -0.061484
 0.000000 -0.017284 -0.063167
 -0.012468 -0.002303 -0.056810
 0.000000 0.079422 -0.051812
 0.000000 0.069915 -0.051535
 -0.009978 0.069309 -0.049796
 -0.032888 0.053825 -0.037958
 -0.023116 0.015662 -0.045901
 -0.026803 0.061116 -0.040962
 -0.038329 0.015373 -0.041377
 -0.029619 0.022742 -0.044409
 -0.043869 0.026833 -0.036439
 -0.012173 0.078345 -0.049693
 -0.015424 0.001368 -0.052010
 -0.038784 0.060418 -0.033111
 -0.030840 0.068098 -0.038142
 -0.037473 0.045035 -0.037265
 -0.060941 0.032060 -0.014735
 -0.045890 0.047287 -0.029832
 -0.065832 0.039413 -0.000703
 -0.034926 0.031958 -0.041302
 -0.012555 -0.008023 -0.053076
 -0.011261 0.009336 -0.065388
 -0.014431 0.011428 -0.059051
 -0.009230 0.005290 -0.070034
 -0.017554 -0.035291 -0.043277
 -0.026326 -0.037138 -0.043646
 -0.033881 -0.037220 -0.043090
 -0.040758 -0.036754 -0.040761
 -0.046229 -0.034747 -0.036463
 -0.051718 -0.025358 -0.026709
 -0.072973 -0.007632 0.000488
 -0.047068 -0.016510 -0.031095
 -0.040717 -0.014768 -0.034769
 -0.032698 -0.014707 -0.037319
 -0.025276 -0.016173 -0.038654
 -0.019709 -0.018585 -0.039618
 -0.015795 -0.020979 -0.040850
 -0.076642 -0.006731 0.024359
 -0.013970 0.013401 -0.056304
 -0.008848 -0.006587 -0.062332
 -0.007671 0.009680 -0.070779
 -0.004602 0.013341 -0.067874
 -0.007486 0.010680 -0.067983
 -0.012364 0.015856 -0.054805
 -0.003873 0.014100 -0.069577
 -0.003199 0.016079 -0.065087
 -0.016396 -0.025563 -0.038637
 -0.012556 -0.024671 -0.042038
 -0.010314 -0.023827 -0.046158
 -0.042531 -0.027723 -0.033153
 -0.045300 -0.029100 -0.033397
 0.004639 -0.009554 -0.066336
 0.042531 -0.025776 -0.032797
 0.004161 0.014665 -0.064477
 0.070880 -0.054348 -0.000996
 0.026286 -0.020359 -0.038481
 0.031984 -0.019858 -0.037970
 0.037752 -0.020394 -0.036462
 0.044658 -0.024229 -0.031552
 0.021643 -0.021899 -0.038518
 0.032082 -0.032239 -0.041158
 0.026738 -0.032053 -0.040922
 0.037452 -0.031653 -0.039724
 0.041610 -0.030591 -0.037196
 0.050620 -0.019344 -0.027761
 0.022667 0.074258 -0.043898
 0.044459 -0.026640 -0.031734
 0.072145 -0.022630 -0.000732
 0.057998 -0.023495 -0.022041
 0.028449 0.007209 -0.044331
 0.007115 0.033294 -0.058770
 0.006060 0.039246 -0.054449
 0.014316 0.035010 -0.054962
 0.019149 0.038031 -0.050289
 0.011310 0.039739 -0.051896
 0.015635 0.040828 -0.048423
 0.026501 0.050036 -0.041885
 0.004270 0.010941 -0.073605
 0.004964 0.004757 -0.074404
 0.052533 -0.038816 -0.033632
 0.017187 -0.009746 -0.045584
 0.016086 0.009425 -0.058142
 0.016513 0.006109 -0.055813
 0.047655 0.007016 -0.035346
 0.004783 -0.002958 -0.071010
 0.037350 -0.045082 -0.045505
 0.045886 -0.043020 -0.040485
 0.062793 -0.066154 -0.014259
 0.012209 -0.041422 -0.051060
 0.021935 -0.031003 -0.040006
 0.031026 0.043530 -0.040959
 0.067197 0.047886 0.017454
 0.011938 0.013068 -0.057377
 0.007298 0.015937 -0.058332
 0.024562 0.043426 -0.042839
 0.022048 0.043045 -0.041625
 0.049859 -0.048025 -0.037520
 0.015923 0.012577 -0.054569
 0.026445 -0.045247 -0.049216
 0.027603 -0.051010 -0.050160
 0.035240 -0.080060 -0.037292
 0.055998 -0.057155 -0.027243
 0.030639 -0.065661 -0.045300
 0.057210 -0.042546 -0.028309
 0.063744 -0.047856 -0.015917
 0.006727 0.036880 -0.057378
 0.012626 0.037877 -0.054178
 0.017326 0.039528 -0.050006
 0.010436 0.014650 -0.056625
 0.023212 0.043291 -0.042582
 0.020568 0.044777 -0.045209
 0.021531 0.042763 -0.040381
 0.009469 0.010352 -0.065123
 0.014691 0.040364 -0.046049
 0.010243 0.039899 -0.049267
 0.005334 0.039932 -0.051382
 0.007697 0.060954 -0.049859
 0.006996 0.052919 -0.054483
 0.006697 0.049498 -0.055096
 0.006309 0.046951 -0.054494
 0.005832 0.045180 -0.053399
 0.015372 0.044232 -0.047455
 0.016156 0.044759 -0.048136
 0.017291 0.046187 -0.048545
 0.018386 0.048287 -0.048237
 0.023682 0.031062 -0.048681
 0.075422 0.010493 0.024313
 0.018266 0.043995 -0.043990
 0.019296 0.044118 -0.044971
 0.005974 0.020137 -0.058665
 0.014056 0.017142 -0.052411
 0.006624 0.018193 -0.058638
 0.023423 -0.005722 -0.042943
 0.033273 -0.001049 -0.041139
 0.017262 0.009192 -0.052734
 0.051332 -0.074856 -0.026604
 0.045386 -0.063199 -0.036834
 0.039866 -0.051095 -0.044663
 0.021697 0.054404 -0.044559
 0.013956 -0.050120 -0.053160
 0.016195 -0.065992 -0.049211
 0.018914 -0.082364 -0.042750
 0.041958 -0.022352 -0.033751
 0.057333 -0.014117 -0.024317
 0.018599 -0.023558 -0.038432
 0.049886 -0.030747 -0.030839
 0.013033 -0.014165 -0.048311
 0.013058 0.006728 -0.064160
 0.064652 -0.009371 -0.016899
 0.052587 -0.009458 -0.029743
 0.044323 -0.007221 -0.035226
 0.033007 -0.008616 -0.038728
 0.024302 -0.011315 -0.040390
 0.018207 -0.014680 -0.042241
 0.005632 -0.023077 -0.055668
 0.063381 0.005293 -0.018812
 0.055877 -0.032081 -0.026878
 0.002426 0.014629 -0.070715
 0.016113 -0.003393 -0.048954
 0.077431 -0.023650 0.020052
 0.013911 -0.018510 -0.044490
 0.017858 0.009783 -0.048505
 0.046710 -0.026645 -0.030841
 0.013340 0.002838 -0.060970
 0.072709 0.028909 0.022525
 0.018564 -0.025852 -0.037579
 0.009234 -0.000731 -0.066719
 0.050006 0.061351 -0.018925
 0.050853 0.071786 -0.007147
 0.071593 0.008118 0.000720
 0.058431 0.052480 -0.009241
 0.068473 -0.036629 -0.007247
 0.024129 0.082589 -0.041192
 0.001799 0.016899 -0.065733
 0.021037 0.001639 -0.045661
 0.064076 -0.022360 -0.015608
 0.036701 -0.023602 -0.036352
 0.031772 -0.022943 -0.037757
 0.021961 0.045983 -0.044798
 0.062349 0.019444 -0.016635
 0.012929 0.092959 -0.040941
 0.032107 0.085333 -0.028020
 0.040689 0.079931 -0.019251
 0.027240 -0.023158 -0.037772
 0.022885 -0.023989 -0.036976
 0.019983 -0.024965 -0.036891
 0.061300 -0.033993 -0.020385
 0.022885 -0.028865 -0.037750
 0.027240 -0.029618 -0.038718
 0.031772 -0.029641 -0.038770
 0.036701 -0.029277 -0.037243
 0.040184 -0.028574 -0.034830
 0.075558 -0.041068 0.009919
 0.040184 -0.024837 -0.034409
 0.017762 0.026839 -0.052131
 0.012222 0.011824 -0.059525
 0.007315 0.025367 -0.058153
 0.041353 0.069966 -0.026720
 0.033118 0.076608 -0.033830
 0.013137 0.086400 -0.047025
 0.059405 0.062236 0.006315
 0.019983 -0.027438 -0.037440
 0.009014 -0.012370 -0.057543
 0.023090 0.089742 -0.036091
 0.069542 0.024398 0.001312
 0.010988 0.044588 -0.051207
 0.011811 0.045800 -0.051896
 0.012558 0.047879 -0.052370
 0.013251 0.051065 -0.052050
 0.015464 0.058194 -0.047579
 0.019538 0.041839 -0.044317
 0.021178 0.041371 -0.045551
 0.022853 0.040512 -0.045824
 0.028502 0.036657 -0.044850
 0.052785 0.022389 -0.028612
 0.009467 -0.019076 -0.051968
 0.013142 -0.031049 -0.042314
 0.017800 -0.028600 -0.038816
 0.018451 0.040989 -0.042473
 0.054362 0.040305 -0.021099
 0.007664 -0.031821 -0.048615
 0.019386 0.066144 -0.045211
 0.005166 -0.015836 -0.061484
 0.012468 -0.002303 -0.056810
 0.009978 0.069309 -0.049796
 0.032888 0.053825 -0.037958
 0.023116 0.015662 -0.045901
 0.026803 0.061116 -0.040962
 0.038329 0.015373 -0.041377
 0.029619 0.022742 -0.044409
 0.043869 0.026833 -0.036439
 0.012173 0.078345 -0.049693
 0.015424 0.001368 -0.052010
 0.038784 0.060418 -0.033111
 0.030840 0.068098 -0.038142
 0.037473 0.045035 -0.037265
 0.060941 0.032060 -0.014735
 0.045890 0.047287 -0.029832
 0.065832 0.039413 -0.000703
 0.034926 0.031958 -0.041302
 0.012555 -0.008023 -0.053076
 0.011261 0.009336 -0.065388
 0.014431 0.011428 -0.059051
 0.009230 0.005290 -0.070034
 0.017554 -0.035291 -0.043277
 0.026326 -0.037138 -0.043646
 0.033881 -0.037220 -0.043090
 0.040758 -0.036754 -0.040761
 0.046229 -0.034747 -0.036463
 0.051718 -0.025358 -0.026709
 0.072973 -0.007632 0.000488
 0.047068 -0.016510 -0.031095
 0.040717 -0.014768 -0.034769
 0.032698 -0.014707 -0.037319
 0.025276 -0.016173 -0.038654
 0.019709 -0.018585 -0.039618
 0.015795 -0.020979 -0.040850
 0.076642 -0.006731 0.024359
 0.013970 0.013401 -0.056304
 0.008848 -0.006587 -0.062332
 0.007671 0.009680 -0.070779
 0.004602 0.013341 -0.067874
 0.007486 0.010680 -0.067983
 0.012364 0.015856 -0.054805
 0.003873 0.014100 -0.069577
 0.003199 0.016079 -0.065087
 0.016396 -0.025563 -0.038637
 0.012556 -0.024671 -0.042038
 0.010314 -0.023827 -0.046158
 0.042531 -0.027723 -0.033153
 0.045300 -0.029100 -0.033397